2,14
2,13
2,12
2,11
2,10
2,9
2,8
2,7
2,6
2,5
2,4
2,3
2,2
2,1
2,0
1,9
1,8
1,7
1,6
1,5
1,4
1,3
1,2
1,1
1,0
0,511
0,510
0,509
0,508
0,506
0,505
0,503
0,498
0,495
0,493
0,491
0,490
0,489
0,488
0,487
0,486
0,483
0,482
0,481
0,479
0,478
0,475
0,473
0,470
0,469
0,467
0,466
0,465
0,464
0,462
0,461
0,458
0,457
0,456
0,451
0,448
0,447
0,445
0,443
0,428
0,424
0,422
0,418
0,417
0,411
0,395
0,390
0,377
0,364
0,358
0,322
0,301
0,243
177,91
177,1
177,3
177,0
175,1
175,3
0,449
0,454
175,0
0,494
0,9
0,310
0,305
0,373
0,368
0,496
0,471
0,455
0,450
0,446
0,442
0,414
0,463
0,480
0,476
0,453
0,452
0,459
0,460
0,507
0,308
0,304
0,303
0,302
0,307
0,444
0,12
0,357
0,10
0,477
0,8
0,0
0,356
0,300
0,374
0,299
0,372
0,298
0,309
0,297
0,415
0,296
0,380
0,295
0,408
0,294
0,410
0,293
0,351
0,292
0,335
0,291
0,350
0,290
0,317
0,289
0,406
0,288
0,340
0,287
0,346
0,286
0,492
0,285
0,375
0,284
0,333
0,283
0,323
0,282
0,425
0,281
0,382
0,280
0,497
0,279
0,409
0,278
0,277
0,381
0,276
0,407
0,275
0,439
0,274
2,15
2,16
2,18
2,19
2,21
2,22
2,24
2,26
2,27
2,29
2,30
2,32
2,34
2,35
2,65
2,66
2,68
2,69
2,71
2,73
2,74
2,76
2,77
2,79
2,81
2,82
2,84
2,85
2,87
2,88
2,90
2,92
2,93
2,95
2,96
2,98
2,100
2,101
2,103
2,104
2,106
2,107
2,109
2,111
2,112
2,114
2,115
2,117
2,119
2,120
2,122
2,123
2,128
3,1
3,2
3,4
3,5
4,0
4,1
4,3
5,1
5,3
5,5
5,6
5,8
6,0
6,1
6,3
6,4
6,6
6,7
6,11
6,13
6,14
6,16
6,17
6,20
6,22
6,23
6,25
6,26
7,1
7,3
7,5
7,17
7,21
8,1
8,3
9,1
9,4
10,0
10,3
11,0
11,3
12,1
12,3
13,1
13,3
14,1
14,3
15,0
15,3
15,4
16,0
16,1
16,4
17,0
17,1
18,0
18,1
19,0
19,1
20,0
20,3
21,0
21,3
21,4
22,0
22,3
22,4
23,0
23,1
23,4
23,5
24,1
24,4
24,5
24,9
24,10
24,14
25,1
25,3
26,1
26,3
27,1
27,3
28,1
29,0
29,1
30,0
30,1
31,0
31,3
31,5
32,1
32,3
33,1
33,5
34,0
34,3
35,0
35,3
35,4
36,0
36,3
36,4
37,0
37,1
37,4
37,6
38,0
38,3
38,6
39,1
39,3
39,5
40,1
40,3
41,0
41,1
41,4
42,1
42,2
42,4
42,5
42,7
42,8
43,1
43,3
43,4
43,6
43,7
43,9
43,11
43,12
43,14
43,15
43,17
44,0
44,1
44,4
44,5
45,1
45,3
45,5
46,1
46,3
47,1
47,3
48,1
49,0
49,1
50,0
50,1
51,0
51,1
52,0
52,3
53,0
53,3
54,0
54,3
55,1
55,3
56,1
56,3
57,0
57,1
57,4
57,6
58,0
58,3
59,0
59,3
59,5
59,6
59,8
59,9
59,11
60,0
60,3
61,1
61,3
62,1
62,3
63,1
64,0
64,1
64,5
64,6
64,8
64,10
65,0
65,3
65,4
65,6
65,8
65,10
65,15
65,16
65,22
65,23
65,25
65,30
65,32
65,37
65,38
66,0
66,1
66,4
67,0
67,1
67,4
68,0
68,3
69,1
69,3
70,1
70,3
71,0
71,1
71,4
71,6
71,7
72,1
72,3
72,5
72,7
73,0
73,3
73,4
74,1
74,4
75,0
75,3
75,4
76,1
76,3
77,1
78,0
78,1
79,0
79,1
80,0
80,3
81,0
81,3
82,0
82,3
83,0
83,3
84,1
84,3
85,1
85,3
86,1
87,0
87,1
88,0
88,1
89,0
89,1
90,0
90,3
91,0
91,3
92,0
92,3
93,1
93,3
94,1
94,3
95,1
96,0
96,1
97,0
97,1
98,0
98,1
99,0
99,3
99,4
100,0
100,1
100,5
101,1
101,3
102,1
102,3
103,1
103,3
104,1
105,0
105,1
106,0
106,1
107,0
107,3
108,0
108,3
109,0
109,3
109,5
111,1
111,4
111,5
112,1
112,3
113,0
113,3
114,0
114,3
114,4
115,0
115,1
116,0
116,3
117,0
117,3
117,4
118,1
119,0
119,1
120,0
120,1
120,3
120,5
121,0
121,3
122,0
122,3
123,0
123,3
124,1
124,3
125,1
125,3
126,1
127,0
127,1
128,0
128,1
129,0
129,1
129,5
130,0
130,1
131,0
131,1
131,4
132,1
132,3
133,1
133,3
134,1
134,3
135,1
136,0
136,1
136,4
137,0
137,3
137,5
137,6
138,1
138,3
138,6
139,1
139,3
140,1
140,3
141,1
141,3
141,5
141,9
141,12
141,14
142,0
142,3
143,1
143,3
144,1
144,3
145,1
145,3
146,1
147,0
147,1
148,0
148,1
149,0
149,3
150,0
150,3
151,0
151,3
152,0
152,3
153,1
153,3
154,1
154,3
155,1
156,0
156,1
157,0
157,1
158,0
158,1
159,0
159,3
160,0
160,3
161,0
161,3
162,0
162,1
163,0
163,1
164,0
164,3
165,0
165,3
166,0
166,3
167,0
167,3
168,1
168,3
169,1
169,3
170,1
171,0
171,1
172,0
172,1
173,0
173,1
174,0
174,3
175,4
176,1
176,3
177,2
177,5
177,6
177,9
177,10
177,12
177,13
177,15
177,17
177,18
177,20
177,21
177,23
177,25
177,26
177,29
177,30
177,33
177,35
177,36
177,38
177,39
177,41
177,42
177,44
177,46
177,47
177,49
177,64
177,66
177,68
177,69
177,71
177,72
177,74
177,75
177,77
177,79
177,80
177,82
177,83
177,85
177,87
177,88
177,90
178,0
178,3
179,0
179,3
180,1
180,3
181,1
181,3
182,1
183,0
183,1
184,0
184,1
185,0
185,1
185,4
186,0
186,1
187,0
187,1
188,0
188,3
189,0
189,3
190,0
190,3
191,1
191,3
192,1
192,3
193,1
193,3
194,1
195,0
195,1
196,0
196,1
197,0
197,3
198,0
198,3
199,0
199,3
200,0
200,3
201,1
201,3
202,1
202,3
203,1
203,4
204,0
204,3
205,0
205,3
206,0
206,3
206,5
207,0
207,3
207,4
208,0
208,3
209,0
209,3
210,0
210,3
211,1
211,3
212,1
212,3
212,5
212,6
213,1
214,0
214,1
214,4
214,6
215,1
215,4
216,0
216,3
217,0
217,3
218,0
218,3
219,1
219,3
220,1
220,3
221,1
222,0
222,1
223,0
223,1
224,0
224,1
225,0
225,3
226,0
226,3
227,0
227,3
228,1
228,3
229,1
229,3
230,1
231,0
231,1
232,0
232,1
233,0
233,1
234,0
234,3
235,0
235,3
236,0
236,3
237,1
237,3
238,1
238,3
239,1
239,3
240,1
241,0
241,1
242,0
242,1
243,0
243,3
244,0
244,3
245,0
245,3
246,0
246,3
247,1
247,3
248,1
248,3
249,1
250,0
250,1
251,0
251,1
252,0
252,1
253,0
253,3
254,0
254,3
255,0
255,3
256,1
256,3
257,1
257,3
258,1
258,4
259,0
259,3
260,0
260,3
261,0
261,3
262,1
262,3
263,1
263,3
264,1
265,0
265,1
266,0
266,1
267,0
267,1
267,6
268,1
268,3
269,0
269,1
270,0
270,3
271,0
271,3
272,0
272,3
273,0
273,3
274,1
274,3
275,1
275,3
276,1
277,0
277,1
278,0
278,1
279,0
279,3
280,0
280,3
281,0
281,3
282,0
282,3
283,1
283,3
284,1
284,3
285,1
286,0
286,1
287,0
287,1
287,6
288,0
288,3
289,1
289,3
290,1
290,3
291,1
292,0
292,1
293,0
293,1
294,0
294,1
295,0
295,3
296,0
296,3
297,0
297,3
298,1
298,3
299,1
299,3
300,1
300,3
301,1
302,0
302,1
303,0
303,1
304,0
304,3
305,0
305,3
306,0
306,3
307,1
307,3
308,1
308,3
309,1
309,3
310,1
311,0
311,1
312,0
312,1
313,0
313,3
314,0
314,3
315,0
315,3
316,0
316,3
317,0
317,1
318,0
318,1
319,0
319,3
320,0
320,3
321,0
321,3
322,0
322,3
323,1
323,3
324,1
324,3
325,1
326,0
326,1
327,0
327,1
327,6
328,1
328,3
329,1
329,3
330,1
330,3
331,1
332,0
332,1
333,0
333,1
334,0
334,3
335,0
335,3
336,0
336,3
337,0
337,3
338,1
338,3
339,1
339,3
340,1
341,0
341,1
342,0
342,1
343,0
343,1
344,0
344,3
345,0
345,3
346,0
346,3
347,1
347,3
348,1
348,3
349,1
349,3
350,1
351,0
351,1
352,0
352,1
353,0
353,3
354,0
354,3
355,0
355,3
356,1
356,3
357,1
357,3
358,1
358,3
359,1
360,0
360,1
361,0
361,1
362,0
362,3
363,0
363,3
364,0
364,3
365,0
365,3
366,1
366,3
367,1
367,3
368,1
369,0
369,1
370,0
370,1
371,0
371,1
372,0
372,3
373,0
373,3
374,0
374,3
375,1
375,3
376,1
376,3
377,1
377,4
378,0
378,3
379,0
379,3
380,0
380,3
381,1
381,3
382,1
382,3
383,1
384,0
384,1
385,0
385,1
386,0
386,1
387,0
387,3
388,0
388,3
389,0
389,3
390,1
390,3
391,1
391,3
393,1
393,3
402,1
405,0
405,1
406,0
406,1
407,0
407,3
408,0
408,3
409,0
409,3
410,0
410,1
411,0
411,1
412,0
412,1
413,0
413,3
414,0
414,3
415,0
415,3
416,1
416,3
417,1
417,3
418,1
418,3
419,1
420,0
420,1
421,0
421,1
422,0
422,3
423,0
423,3
424,0
424,3
425,0
425,3
426,1
426,3
427,1
427,3
428,1
429,0
429,1
430,0
430,1
431,0
431,1
432,0
432,3
432,4
433,1
433,3
434,0
434,3
435,0
435,3
436,0
436,3
437,1
437,3
438,1
438,3
439,1
439,3
440,1
441,0
441,1
442,0
442,1
443,0
443,3
444,0
444,3
445,0
445,3
446,0
446,3
447,1
447,3
448,1
448,3
449,1
450,0
450,1
451,0
451,1
452,0
452,1
453,0
453,3
454,0
454,3
455,0
455,3
456,1
456,3
457,1
457,3
458,1
459,0
459,1
460,0
460,1
460,4
460,5
460,7
461,0
461,1
461,6
462,0
462,3
463,0
463,1
463,3
463,4
463,2
462,4
462,1
461,3
460,10
460,6
460,3
459,3
458,3
458,0
457,0
456,0
455,1
454,1
453,1
452,3
451,3
450,3
449,3
449,0
448,0
447,0
446,1
445,1
444,1
443,1
442,3
441,3
440,3
440,0
439,0
438,0
437,0
436,1
435,1
434,1
433,4
433,0
432,1
431,3
430,3
429,3
428,3
428,0
427,0
426,0
425,1
424,1
423,1
422,1
421,3
420,3
419,3
419,0
418,0
417,0
416,0
415,1
414,1
413,1
412,3
411,3
410,3
409,6
409,1
408,1
407,1
406,3
405,3
402,3
402,0
393,0
391,0
390,0
389,1
388,1
387,1
386,3
385,3
384,3
383,3
383,0
382,0
381,0
380,1
379,1
378,1
377,3
377,0
376,0
375,0
374,1
373,1
372,1
371,3
370,3
369,3
368,3
368,0
367,0
366,0
365,1
364,1
363,1
362,1
361,3
360,3
359,3
359,0
358,0
357,0
356,0
355,1
354,1
353,1
352,3
351,3
350,3
350,0
349,0
348,0
347,0
346,1
345,1
344,1
343,3
342,3
341,3
340,3
340,0
339,0
338,0
337,1
336,1
335,1
334,1
333,3
332,3
331,3
331,0
330,0
329,0
328,0
327,3
326,3
325,3
325,0
324,0
323,0
322,1
321,1
320,1
319,1
318,3
317,3
316,5
316,1
315,1
314,1
313,1
312,3
311,3
310,3
310,0
309,0
308,0
307,0
306,1
305,1
304,1
303,3
302,3
301,3
301,0
300,0
299,0
298,0
297,1
296,1
295,1
294,3
293,3
292,3
291,3
291,0
290,0
289,0
288,1
287,3
286,3
285,3
285,0
284,0
283,0
282,1
281,1
280,1
279,1
278,3
277,3
276,3
276,0
275,0
274,0
273,1
272,1
271,1
270,1
269,3
268,5
268,0
267,3
266,3
265,3
264,3
264,0
263,0
262,0
261,1
260,1
259,1
258,3
258,0
257,0
256,0
255,1
254,1
253,1
252,3
251,3
250,3
249,3
249,0
248,0
247,0
246,1
245,1
244,1
243,1
242,3
241,3
240,3
240,0
239,0
238,0
237,0
236,1
235,1
234,1
233,3
232,3
231,3
230,3
230,0
229,0
228,0
227,1
226,1
225,1
224,3
223,3
222,3
221,3
221,0
220,0
219,0
218,1
217,1
216,1
215,3
215,0
214,3
213,3
213,0
212,4
212,0
211,0
210,1
209,1
208,1
207,5
207,1
206,4
206,1
205,1
204,1
203,3
203,0
202,0
201,0
200,1
199,1
198,1
197,1
196,3
195,3
194,3
194,0
193,0
192,0
191,0
190,1
189,1
188,1
187,3
186,3
185,6
185,3
184,3
183,3
182,3
182,0
181,0
180,0
179,1
178,1
177,89
177,86
177,84
177,81
177,78
177,76
177,73
177,70
177,67
177,65
177,48
177,45
177,43
177,40
177,37
177,34
177,32
177,27
177,24
177,22
177,19
177,16
177,14
177,11
177,7
177,4
176,4
176,0
174,1
173,3
172,3
171,3
170,3
170,0
169,0
168,0
167,1
166,1
165,1
164,1
163,3
162,3
161,6
161,1
160,1
159,1
158,3
157,3
156,3
155,3
155,0
154,0
153,0
152,1
151,1
150,1
149,1
148,3
147,3
146,3
146,0
145,0
144,0
143,0
142,1
141,13
141,6
141,4
141,0
140,0
139,0
138,4
138,0
137,4
137,1
136,3
135,3
135,0
134,0
133,0
132,0
131,3
130,3
129,8
129,3
128,3
127,3
126,3
126,0
125,0
124,0
123,1
122,1
121,1
120,4
120,2
119,3
118,3
118,0
117,1
116,1
115,3
114,6
114,1
113,1
112,5
112,0
111,3
111,0
109,1
108,1
107,1
106,3
105,3
104,3
104,0
103,0
102,0
101,0
100,3
99,5
99,1
98,3
97,3
96,3
95,3
95,0
94,0
93,0
92,1
91,1
90,1
89,3
88,3
87,3
86,3
86,0
85,0
84,0
83,1
82,1
81,1
80,1
79,3
78,3
77,3
77,0
76,0
75,1
74,3
74,0
73,1
72,6
72,4
72,0
71,5
71,3
70,4
70,0
69,0
68,1
67,3
66,6
66,3
65,39
65,35
65,28
65,24
65,18
65,11
65,9
65,5
65,1
64,9
64,7
64,3
63,3
63,0
62,0
61,0
60,1
59,10
59,7
59,4
59,1
58,1
57,5
57,3
56,5
56,0
55,0
54,1
53,1
52,1
51,3
50,3
49,3
48,3
48,0
47,0
46,0
45,4
45,0
44,3
43,18
43,16
43,13
43,10
43,8
43,5
43,2
43,0
42,6
42,3
42,0
41,3
40,4
40,0
39,4
39,0
38,1
37,5
37,3
36,5
36,1
35,5
35,1
34,1
33,3
33,0
32,0
31,1
30,3
29,3
28,3
28,0
27,0
26,0
25,0
24,11
24,6
24,3
24,0
23,3
22,5
22,1
21,5
21,1
20,1
19,3
18,3
17,3
16,6
16,3
15,5
15,1
14,7
14,0
13,0
12,0
11,1
10,1
9,3
9,0
8,0
7,16
7,4
7,0
6,24
6,21
6,19
6,15
6,12
6,9
6,5
6,2
5,9
5,7
5,4
5,0
4,2
3,6
3,3
3,0
2,124
2,121
2,118
2,116
2,113
2,110
2,108
2,105
2,102
2,99
2,97
2,94
2,91
2,89
2,86
2,83
2,80
2,78
2,75
2,72
2,70
2,67
2,64
2,33
2,31
2,28
2,25
2,23
2,20
2,17
0,367
0,273
0,349
0,272
0,427
0,271
0,429
0,270
0,342
0,269
0,315
0,268
0,392
0,267
0,387
0,266
0,362
0,265
0,379
0,264
0,502
0,263
0,403
0,262
0,365
0,261
0,378
0,260
0,402
0,259
0,371
0,258
0,316
0,257
0,504
0,256
0,324
0,255
0,338
0,254
0,401
0,253
0,400
0,252
0,347
0,251
0,361
0,250
0,405
0,249
0,328
0,248
0,438
0,247
0,311
0,246
0,245
0,355
0,244
0,366
0,242
0,398
0,241
0,500
0,240
0,386
0,239
0,484
0,238
0,306
0,237
0,312
0,236
0,336
0,235
0,329
0,234
0,383
0,233
0,472
0,232
0,384
0,231
0,399
0,230
0,326
0,229
0,337
0,228
0,397
0,227
0,314
0,226
0,313
0,225
0,224
0,321
0,223
0,437
0,222
0,421
0,221
0,345
0,220
0,334
0,219
0,348
0,218
0,330
0,217
0,344
0,216
0,320
0,215
0,413
0,214
0,468
0,213
0,436
0,212
0,440
0,211
0,391
0,210
0,435
0,209
0,341
0,208
0,396
0,207
0,363
0,206
0,434
0,205
0,404
0,204
0,360
0,203
0,412
0,202
0,394
0,201
0,359
0,200
0,343
0,199
0,376
0,198
0,433
0,197
0,423
0,196
0,420
0,195
0,474
0,194
0,352
0,193
0,319
0,192
0,327
0,63
0,318
0,62
0,389
